name: home
latitude: 56.134782
longitude: 13.143414
radius: 30
icon: mdi:home
