name: home
latitude: 56.037643
longitude: 12.709487
radius: 50
icon: mdi:home