name: victoria_hjerter_work
latitude: 56.04977806573537
longitude: 12.68656964268251
radius: 50
icon: mdi:coffee